Id,PredictedSalary
72629919,31644
72629930,37223
72629937,42835
72629938,35424
72629944,29320
72629946,29201
72629948,36148
72629949,28064
72629954,36126
72629956,30657
72629957,36148
72629959,28644
72629960,28681
72629964,38015
72629975,28317
72629978,28424
72629982,35705
72629993,35739
72630000,36965
72630007,32113
72630009,34571
72630010,35677
72630011,26418
72630049,31404
72630052,26758
72630055,30570
72630057,30942
72630060,26535
72630061,30511
72630063,32211
72630066,27965
72630071,32319
72630078,33820
72630085,35132
72630087,32727
72630098,29767
72630099,31218
72630109,32610
72630116,30826
72630123,38322
72630124,27657
72630131,38034
72630133,36813
72630135,27666
72630142,37514
72630149,30554
72630161,28119
72630353,29319
72630356,32339
72630360,31887
72630363,29424
72630365,28521
72630370,31598
72630374,26280
72630379,31370
72630385,31121
72630387,28379
72630391,30000
72630392,28921
72630401,27325
72630404,29155
72630406,31644
72630412,29172
72630416,28991
72630426,28385
72630427,29929
72630444,28558
72630456,38125
72630472,42696
72630475,27081
72630477,33304
72630479,28318
72630480,32977
72630489,29495
72630490,28407
72630491,28284
72630493,29511
72630517,33031
72630520,30561
72630522,27045
72630523,32045
72630530,29037
72630534,27303
72630536,28347
72630539,31216
72630559,28757
72630564,31113
72630566,30567
72630570,31405
72630580,31840
72630587,32350
72630589,28723
72630595,31991
72630600,33194
72630602,30645
72630610,27671
72630612,26645
72630622,31664
72630627,32148
72630629,28976
72630649,28377
72630651,32201
72630653,34170
72630654,28214
72630660,31784
72630663,30006
72630665,31042
72630679,31931
72630680,28997
72630681,31373
72630685,28311
72630691,31809
72630698,34466
72630700,26666
72630702,30713
72630704,29525
72630708,28565
72630711,29867
72630713,27765
72630722,28371
72630723,32208
72630724,28216
72630725,29253
72630726,35132
72630727,28296
72630728,27166
72630733,31387
72630753,31352
72630754,27123
72630761,30978
72630764,28327
72630772,29570
72630782,28921
72630784,32306
72630786,37237
72630787,27148
72630800,28174
72630808,28771
72630818,33564
72630821,28945
72630823,31027
72630824,31879
72630830,32024
72630846,36898
72630851,36984
72630854,32049
72630857,33205
72630860,31404
72630878,28451
72630891,28315
72630897,31287
72630901,32182
72630904,33775
72630929,27068
72630931,31245
72630933,28714
72630940,31478
72630947,28395
72630949,29264
72630953,28306
72630956,26876
72630958,34049
72630976,27362
72630983,31335
72630989,32934
72630999,26902
72631006,30159
72631008,31960
72631010,28264
72631012,30944
72631013,31202
72631016,28246
72631021,30428
72631034,31807
72631038,35132
72631043,31439
72631052,32030
72631062,31976
72631080,29407
72631085,28270
72631088,28573
72631093,30140
72631104,32014
72631107,27162
72631118,34866
72631130,30261
72631137,32195
72631138,29871
72631162,30818
72631169,31898
72631170,27890
72631180,31335
72631184,32858
72631185,26893
72631186,28480
72631192,35941
72631195,29993
72631203,28428
72631211,28978
72631215,31760
72631218,27071
72631221,32034
72631224,31672
72631230,28228
72631232,28658
72631236,32346
72631245,28319
72631250,29472
72631262,33275
72631308,29925
72631320,27624
72631422,29997
72631424,30016
72631425,28436
72631432,28058
72631436,28309
72631439,29597
72631455,27712
72631475,30081
72631476,32117
72631488,31886
72631489,31973
72631502,30668
72631506,29817
72631640,27337
72631642,27240
72631663,26522
72631674,36264
72631744,30722
72631768,35550
72632173,27747
72632178,29670
72632194,32556
72632199,32739
72632201,33084
72632223,29783
72632292,28584
72632551,31315
72632773,38707
72632782,37361
72632796,38580
72632938,32184
72632948,35182
72632951,33214
72632953,39231
72633084,30483
72633197,27928
72633201,35403
72633202,27835
72633216,29214
72633219,27835
72633227,35306
72633239,30252
72633244,28539
72633310,27222
72633347,31368
72633367,28971
72633381,30402
72633471,27248
72633563,25944
72633576,31656
72633607,31716
72633623,32167
72633655,37552
72633724,35340
72633730,37226
72633739,32300
72633745,30813
72633747,30079
72633780,27497
72633803,28985
72633813,28317
72633835,30478
72633879,32940
72633888,33672
72633904,31578
72633908,31332
72633936,30927
72634006,32897
72634007,33941
72634040,32688
72634072,32651
72634078,31795
72634079,32476
72634128,31889
72634155,31981
72634176,32706
72634185,31744
72634186,32574
72634194,32972
72634207,33512
72634292,31710
72634383,32807
72634432,32585
72634607,30522
72634657,32834
72634723,34271
72634770,32166
72634794,29807
72634816,33381
72634823,31599
72634831,30886
72634853,31315
72634857,39694
72634861,31484
72634863,31691
72634866,33292
72634867,34740
72634868,40027
72634870,34002
72634876,31799
72634886,30685
72634887,30484
72634888,32547
72634891,32909
72634896,32665
72634897,32147
72634900,30039
72634902,30839
72634905,40418
72634906,33012
72634911,32714
72634912,35495
72634915,30623
72634930,31723
72634985,31664
72635049,32586
72635056,40402
72635082,32432
72635086,32280
72635087,32357
72635089,32357
72635100,29940
72635102,32925
72635107,31517
72635123,29795
72635125,32452
72635128,31820
72635129,30268
72635132,32763
72635135,31811
72635151,32465
72635152,30816
72635154,29896
72635163,32566
72635164,32127
72635167,32459
72635181,32823
72635188,31864
72635192,32503
72635197,31458
72635221,32579
72635222,32721
72635223,33430
72635226,32386
72635229,32970
72635230,32253
72635232,31805
72635233,32671
72635234,30568
72635235,33160
72635236,39581
72635237,32266
72635238,32039
72635239,34796
72635242,32410
72635247,31204
72635250,29952
72635251,30778
72635254,31637
72635255,35559
72635256,33594
72635258,33032
72635259,33354
72635265,31151
72635268,31680
72635269,32911
72635271,32583
72635272,36805
72635275,31674
72635278,32634
72635280,32080
72635281,29934
72635283,31858
72635284,32761
72635287,32589
72635289,33590
72635290,32724
72635295,31601
72635296,32873
72635298,32085
72635300,29976
72635301,32546
72635304,33311
72635308,31707
72635311,33190
72635312,39238
72635319,32074
72635325,32178
72635326,34509
72635327,33165
72635328,33285
72635343,32969
72635344,31631
72635346,31591
72635347,33992
72635348,34492
72635351,35045
72635358,31144
72635359,29748
72635360,32409
72635362,31893
72635364,32414
72635365,31730
72635371,31213
72635377,31248
72635379,31809
72635382,32745
72635396,32163
72635397,33882
72635399,33342
72635400,31853
72635401,29867
72635412,31620
72635416,38615
72635429,32067
72635433,32297
72635435,32641
72635436,32475
72635441,32698
72635447,32018
72635450,39395
72635459,32364
72635460,32385
72635461,31612
72635463,32276
72635465,34728
72635467,31455
72635474,32399
72635475,32477
72635477,32036
72635483,32308
72635489,30351
72635492,33220
72635498,31555
72635501,31384
72635503,31903
72635511,32494
72635512,41578
72635513,39565
72635514,32428
72635516,32438
72635520,32642
72635522,39657
72635526,31847
72635528,32911
72635529,32474
72635537,31649
72635540,32466
72635546,31732
72635548,34280
72635550,29835
72635553,33235
72635557,32181
72635560,32164
72635564,32531
72635566,32394
72635574,32373
72635576,32533
72635578,32556
72635584,32731
72635585,33733
72635586,32298
72635587,32559
72635590,33717
72635593,32477
72635597,33891
72635598,31848
72635599,31697
72635603,32254
72635605,31885
72635606,33182
72635608,32550
72635615,33110
72635616,32780
72635618,33315
72635620,32815
72635621,32379
72635623,32408
72635624,30127
72635627,33412
72635628,31933
72635629,33202
72635631,33048
72635632,31833
72635635,33034
72635638,36987
72635640,33418
72635641,32331
72635642,31519
72635643,32575
72635644,32513
72635645,32278
72635843,40554
72635847,41000
72635942,29942
72636273,28770
72636283,37179
72636285,35625
72636287,35463
72636289,36707
72636294,26389
72636295,28837
72636297,38037
72636303,28117
72636304,26378
72636310,26394
72636311,29028
72636314,35422
72636320,33330
72636321,33617
72636322,34844
72636324,30506
72636326,26451
72636328,29929
72636331,28828
72636333,27387
72636336,34624
72636337,37996
72636341,35499
72636355,30635
72636356,24226
72636360,29656
72636361,32652
72636363,35674
72636367,27559
72636379,35918
72636386,25819
72637071,28708
72637074,35787
72637095,36216
72637098,35811
72637099,31290
72637101,25979
72637113,31360
72637114,28840
72637115,28237
72637117,34504
72637119,29394
72637120,33777
72637121,28873
72637125,27907
72637166,29772
72637224,28197
72637246,30881
72637247,28443
72637249,35019
72637250,28460
72637252,29284
72637254,26215
72637257,30233
72637258,26806
72637261,28170
72637265,35227
72637267,29201
72637276,25283
72637283,27010
72637285,33970
72637288,27143
72637290,27207
72637291,31798
72637292,27457
72637293,27429
72637295,29047
72637819,34518
72637825,33449
72637826,34517
72637828,34412
72650018,35103
72650022,35058
72650026,36752
72650027,35277
72650035,35435
72650036,35370
72650038,35649
72650040,35347
72650047,35402
72650048,35126
72650052,37554
72650054,37683
72650058,35199
72650066,35455
72650068,34602
72650075,36303
72650086,30662
72650089,36368
72650112,35245
72650117,34216
72650119,35138
72650131,34950
72650135,35264
72650138,37533
72650145,27980
72650155,33327
72650157,35074
72650160,35943
72650161,35227
72650168,29542
72650171,35092
72650172,28554
72650180,35112
72650185,36297
72650189,34481
72650196,35587
72650200,35643
72650207,35284
72650209,35087
72650212,34963
72650213,34925
72650214,34963
72650225,36422
72650226,34947
72650251,36715
72650254,34868
72650920,37748
72651141,36849
72651147,36755
72651148,37714
72651149,45187
72651371,37959
72651488,42668
72651575,42668
72651924,37047
72652051,36665
72652420,35028
72653067,38437
72653314,38921
72653645,42707
72653646,42592
72653654,31236
72653657,31408
72653659,32986
72653660,27890
72653661,27856
72653672,28737
72653674,29531
72653684,27959
72653695,31056
72653696,29084
72653699,30725
72653702,27722
72653703,27802
72653704,28372
72653705,31046
72653707,29354
72653713,28974
72653714,29579
72653724,28868
72653728,24857
72653730,27817
72653736,33076
72653748,31379
72653749,25703
72653751,30973
72653759,29897
72653767,23719
72653843,27652
72654154,28128
72654312,34905
72654335,35629
72654337,36203
72654340,36053
72654349,35939
72654384,25531
72654386,31764
72654388,32453
72654390,30236
72654394,23416
72654397,30570
72654398,24320
72654402,25535
72654403,23603
72654404,23085
72654405,30899
72654406,24441
72654407,24452
72654408,23567
72654413,24152
72654414,23212
72654418,24187
72654419,23818
72654427,26171
72654430,24635
72654432,30381
72654434,30363
72654435,24033
72654436,22986
72654479,31969
72654484,24885
72656670,26594
72659491,31892
72659493,41687
72659517,31906
72659569,32242
72659577,32181
72659582,33577
72659583,33679
72659783,38274
72659835,40051
72659839,44200
72659841,39826
72659842,40195
72659845,39843
72659847,35666
72660266,35714
72660268,35706
72660279,35475
72660280,28778
72660298,35474
72660304,28494
72660306,35984
72660309,38084
72660313,37699
72660314,35631
72660315,35511
72660429,36764
72660431,35845
72661016,35164
72661019,35804
72661021,35223
72661063,38546
72661065,32607
72661097,29938
72661100,29938
72661108,29938
72661223,29291
72661296,29819
72661297,29819
72661447,39325
72661450,34870
72661468,34681
72661469,31852
72661474,34794
72661483,34349
72661485,32750
72661499,38917
72661500,32679
72661505,32580
72661513,39498
72661521,39498
72661527,32745
72661529,37859
72661532,32991
72661540,32529
72661545,31561
72661552,39202
72661567,32392
72661570,32750
72661574,40042
72661575,33048
72661576,32687
72661581,37429
72661584,33740
72661591,38562
72661594,37471
72661619,37398
72661629,41421
72661652,37451
72661654,32417
72661657,41396
72661658,39517
72661691,32187
72661733,30250
72661751,31457
72661752,32452
72661759,37429
72661764,32933
72661765,42365
72661789,30956
72661805,34713
72661829,35522
72661830,32196
72661838,41701
72661846,37444
72661857,40014
72661862,30320
72661871,30275
72661887,39607
72661893,32378
72661895,32742
72661897,32473
72661905,32389
72661918,39570
72661941,33458
72662163,31443
72662273,31051
72662306,32316
72662307,32339
72662363,31689
72662450,33343
72662466,32893
72662503,33917
72662506,40379
72662511,32044
72662513,32117
72662519,34371
72662521,38886
72662522,34569
72662525,38644
72662529,29849
72662532,31711
72662533,34195
72662536,31771
72662545,34258
72662546,31497
72662547,30809
72662571,31461
72662573,31371
72662579,34547
72662584,34143
72662593,39173
72662600,32680
72662607,32779
72662611,32556
72662614,31759
72662619,41421
72662620,32859
72662622,32337
72662626,32533
72662629,31248
72662637,32098
72662640,39502
72662651,33198
72662654,41219
72662661,32426
72662685,30242
72662694,32208
72662699,32645
72662719,38854
72662723,33555
72662728,34434
72662734,31993
72662737,32308
72662744,38854
72662746,32322
72662749,31825
72662751,32788
72662752,33988
72662761,31779
72662773,33036
72662782,33265
72662786,33223
72662801,30457
72662803,31297
72662804,32835
72662805,34507
72662807,32310
72662810,33396
72662812,32462
72662813,32370
72662819,32007
72662821,32388
72662822,33748
72662826,29752
72662828,32556
72662833,31648
72662834,33730
72662835,36976
72662842,32443
72662845,29599
72662849,32606
72662850,32234
72662851,33537
72662853,32590
72662854,31293
72662855,37152
72662858,30003
72662859,31608
72662860,38637
72662861,33749
72662865,34805
72662867,32297
72662874,30993
72662877,32216
72662878,34261
72662885,34710
72662889,31479
72662890,34784
72662891,35155
72662898,38631
72662907,32557
72662912,32976
72662916,32231
72662924,32934
72662925,32402
72662929,31627
72662930,33034
72662931,34227
72662941,33478
72662952,32360
72662959,34089
72662963,31879
72662978,32027
72662979,31321
72662982,31461
72662986,33107
72662992,32556
72662993,32014
72662999,33672
72663003,38881
72663004,32451
72663005,33299
72663006,31486
72663007,43696
72663015,39540
72663017,43696
72663023,32254
72663025,31564
72663027,32105
72663028,32400
72663029,33805
72663032,29818
72663040,31854
72663041,31941
72663042,31889
72663045,32606
72663060,31839
72663068,33506
72663069,38613
72663070,31525
72663073,32090
72663074,32439
72663077,39455
72663084,31785
72663087,33296
72663090,32890
72663091,31437
72663092,31381
72663103,32224
72663104,31692
72663106,34668
72663107,34023
72663111,43696
72663113,35842
72663114,32635
72663118,33470
72663119,31719
72663121,31915
72663123,29926
72663126,31774
72663129,39104
72663130,30493
72663131,31391
72663132,32329
72663135,37600
72663137,30295
72663139,29559
72663143,31760
72663146,32041
72663149,40373
72663157,34089
72663159,31808
72663160,31689
72663176,32408
72663182,31681
72663184,36853
72663277,38789
72665852,38656
72665856,31584
72666457,27786
72666466,31439
72666485,27261
72666486,25422
72666489,27276
72666533,33875
72666550,26008
72666652,32376
72666671,32992
72666672,32775
72666674,34547
72666679,31548
72666680,32244
72666685,32225
72666687,40041
72666695,28845
72666835,31223
72666841,39289
72666843,33628
72666854,36564
72666860,31012
72666862,31364
72666909,29226
72666946,34481
72666949,35723
72667128,40747
72667136,31967
72667194,32944
72667201,39103
72667202,39157
72667203,34726
72667209,36785
72667230,32812
72667233,32317
72667234,32521
72667254,34558
72667256,39050
72667257,39581
72667260,32150
72667262,34910
72667273,32288
72667276,32848
72667281,35812
72667282,32534
72667285,40875
72667286,32129
72667287,32592
72667290,34546
72667313,39216
72667520,35900
72667527,35910
72667528,35708
72667532,33708
72667536,35379
72667537,36039
72667538,35894
72667539,36140
72667544,36496
72667545,34681
72667637,28456
72667639,29586
72667644,23169
72667710,22630
72667712,23010
72667760,27989
72667761,28520
72667774,35343
72667784,28808
72667792,28784
72667804,28425
72667815,28121
72667828,35029
72667833,28328
72667842,29733
72667844,28977
72667846,37620
72667859,29264
72667870,36575
72667880,30797
72667885,33673
72667887,30308
72667888,35084
72667903,31838
72667918,22800
72667922,28571
72667930,29933
72667950,29873
72667952,36204
72667958,37642
72667969,26748
72668007,35539
72668008,29022
72668013,28799
72668022,31911
72668028,30217
72668049,22963
72668050,29221
72668057,28595
72668070,35442
72668071,29859
72668093,29795
72668095,22700
72668168,22648
72668199,34196
72668297,22638
72668334,28335
72668358,27984
72668361,35223
72668384,28371
72668387,29709
72668393,29749
72668395,28262
72668397,36398
72668409,28291
72668544,27987
72668558,24369
72669019,37671
72669048,27697
72669277,30071
72669398,28190
72669417,35223
72669540,35430
72669584,28332
72669718,23493
72669720,24903
72669721,30819
72669804,32147
72669849,32291
72669913,32330
72670019,21290
72670022,25423
72670025,21518
72670031,23015
72670032,29992
72670034,21992
72670037,21532
72670041,28772
72670042,28673
72670043,31331
72670045,21802
72670046,28870
72670050,28928
72670051,21556
72670056,28851
72670057,21342
72670060,25547
72670062,28825
72670066,21280
72670077,33879
72670083,26674
72670088,28741
72670092,30640
72670095,22792
72670100,21515
72670102,24819
72670104,29881
72670107,23647
72670111,21323
72670114,30475
72670118,21158
72670120,30459
72670125,31353
72670126,21211
72670127,24819
72670128,31349
72670131,24553
72670137,28140
72670138,28790
72670144,21230
72670145,21195
72670147,21253
72670151,21432
72670155,21279
72670157,22897
72670158,21368
72670159,21555
72670167,25367
72670188,21102
72670189,33879
72670192,21150
72670193,31322
72670194,33879
72670195,22207
72670196,22599
72670203,28785
72670205,24094
72670211,24306
72670231,24066
72670239,23660
72670240,22995
72670242,24308
72670249,23930
72670253,21448
72670254,23363
72670265,21263
72670266,20588
72670273,21222
72670278,25094
72670285,21172
72670287,20566
72670297,24171
72670300,21244
72670304,21459
72670305,21248
72670312,23538
72670315,21261
72670330,23323
72670332,23604
72670339,23510
72670340,23675
72670346,21660
72670347,21686
72670352,24336
72670358,21349
72670362,22501
72670367,21308
72670372,28799
72670376,22656
72670390,24165
72670392,22172
72670394,21182
72670401,21542
72670404,22861
72670409,21744
72670440,28666
72670472,22232
72670568,24132
72670622,29280
72670623,21695
72670631,28917
72670634,21592
72670640,26741
72670645,22119
72670648,21899
72670667,24207
72670675,23384
72670681,22038
72670699,23354
72670702,21641
72670744,21465
72670747,23779
72670755,27953
72670765,21590
72670775,21502
72670778,28867
72670788,21654
72670829,21009
72670838,24681
72670839,28822
72670847,28805
72670976,34748
72670979,34541
72670991,34763
72670994,29695
72670998,28932
72671014,34560
72671033,35274
72671653,31196
72671656,37834
72671661,25855
72671664,26416
72671666,26464
72671668,33702
72671685,27027
72671686,33367
72671742,27024
72671746,26617
72671774,26488
72671775,27048
72671804,30360
72671842,26653
72671976,31494
72671990,34168
72671997,32195
72672007,29187
72672029,31575
72672036,31746
72672038,35194
72672040,32493
72672043,37593
72672077,29886
72672096,31483
72672102,27553
72672107,32145
72672127,29764
72672131,29664
72672143,30973
72672166,29373
72672183,33638
72672185,34710
72672221,30382
72672230,32698
72672232,28753
72672235,29016
72672256,29063
72672260,29060
72672261,29316
72672288,35050
72672303,27365
72672310,29650
72672315,32384
72672317,32470
72672324,29401
72672330,30368
72672336,31308
72672341,30276
72672343,28605
72672349,29605
72672352,34710
72672361,35050
72672363,35050
72672364,27534
72672365,29961
72672368,30448
72672369,30308
72672372,31357
72672373,29472
72672376,27820
72672380,38269
72672388,27543
72672389,35263
72672404,32275
72672406,34482
72672410,29343
72672412,32404
72672420,37379
72672425,37379
72672428,28025
72672440,34997
72672450,33911
72672483,30965
72672512,23712
72672516,40226
72672570,35986
72672577,29377
72672578,28288
72672660,32344
72672671,29341
72672746,29146
72672788,26274
72672804,38763
72672805,37011
72672838,27974
72672861,29678
72672866,22982
72672874,28109
72672880,27829
72672906,27388
72672921,27484
72672995,37760
72673025,30665
72673201,29600
72673222,25684
72673230,34591
72673271,31525
72673302,28127
72673332,37079
72673347,27886
72673368,25919
72673384,37198
72673399,27876
72673404,30908
72673469,26478
72673474,38341
72673477,32484
72673478,22992
72673479,30364
72673480,30128
72673510,27526
72673522,37727
72673524,27812
72673526,31916
72673543,38521
72673559,33684
72673561,28446
72673565,31227
72673566,36350
72673568,28655
72673570,28261
72673578,25312
72673588,23791
72673589,31433
72673591,32318
72673598,30469
72673621,29630
72673638,24107
72673642,28133
72673644,22878
72673651,30092
72673655,37481
72673657,24055
72673659,28624
72673661,27829
72673664,26542
72673666,33324
72673670,25839
72673674,29315
72673677,37844
72673679,26391
72673680,27875
72673682,27829
72673683,29678
72673685,29678
72673689,25899
72673692,25534
72673693,25167
72673695,26458
72673705,27166
72673708,29679
72673709,32221
72673710,31909
72673712,22594
72673716,29519
72673717,34257
72673719,24277
72673721,30546
72673726,30566
72673728,30518
72673733,32089
72673734,33745
72673753,27354
72673761,23918
72673767,35445
72673768,26391
72673770,24185
72673775,26052
72673777,26721
72673778,24547
72673785,29175
72673800,34732
72673801,24099
72673802,22987
72673805,32318
72673806,24099
72673811,25945
72673813,25895
72673814,25840
72673816,26052
72673824,25430
72673828,24115
72673829,24085
72673840,32635
72673841,23780
72673844,25606
72673866,24022
72673867,23061
72673871,31495
72673873,23541
72673877,23055
72673878,23818
72673881,29049
72673885,24162
72673886,24266
72673887,22995
72673888,25466
72673889,24139
72673890,25837
72673924,24030
72673926,25823
72674147,29167
72674207,28648
72674217,30699
72674224,32355
72674228,30777
72674248,36395
72674249,37576
72674251,43615
72674252,27402
72674458,30683
72674480,34550
72674482,38582
72674506,35672
72674508,30386
72674520,34830
72674544,29202
72674552,37605
72674553,29725
72674554,31236
72674558,40216
72674562,26077
72674563,27114
72674566,25471
72674574,32075
72674583,29621
72674586,37658
72674593,34820
72674595,43561
72674606,27462
72674615,33243
72674618,37141
72674628,29150
72674629,33632
72674635,42643
72674636,35326
72674637,37685
72674644,30505
72674648,32527
72674654,36546
72674656,30836
72674658,35014
72674671,38006
72674686,36875
72674689,27876
72674692,30350
72674695,31483
72674697,30699
72674700,37712
72674701,33139
72674710,37606
72674715,27659
72674716,32806
72674726,37484
72674735,25165
72674759,27603
72674776,37970
72674780,28482
72674791,40433
72674795,30695
72674796,27515
72674810,27017
72674815,27494
72674816,29887
72674855,37287
72674856,34339
72674874,36340
72674876,30331
72674877,34255
72674884,33055
72674887,33055
72674889,37033
72674890,37050
72674898,32356
72674900,27883
72674902,39931
72674906,32143
72674909,37233
72674915,35810
72674919,38267
72674932,38762
72674942,31159
72674943,35608
72674952,31082
72674954,38311
72674955,30236
72674958,30861
72674960,35376
72674963,36376
72674981,31651
72674982,36964
72674994,30532
72674995,25626
72674997,28784
72675016,33396
72675018,41357
72675020,35098
72675025,36707
72675026,30321
72675053,28898
72675064,37866
72675065,32592
72675066,31789
72675070,37406
72675071,38325
72675076,33168
72675082,37126
72675093,33016
72675095,36889
72675102,33654
72675105,36633
72675109,40549
72675113,31888
72675117,30945
72675118,36839
72675122,35559
72675125,31029
72675134,30753
72675140,32714
72675144,37937
72675147,31819
72675154,38156
72675161,28885
72675171,33146
72675176,28440
72675179,39874
72675184,28189
72675189,36196
72675190,31776
72675191,33057
72675197,28340
72675200,32055
72675202,37802
72675203,32421
72675212,37331
72675215,37119
72675220,38411
72675221,37618
72675225,36717
72675234,42209
72675257,36887
72675258,36968
72675259,28445
72675267,34105
72675268,30856
72675270,30779
72675271,37792
72675277,29681
72675278,30481
72675280,27635
72675288,33632
72675609,29146
72675611,33730
72675614,28464
72675617,33532
72675625,37572
72675626,35603
72675635,32520
72675637,31679
72675654,29719
72675661,32939
72675664,43879
72675666,30125
72675667,29773
72675677,31469
72675679,28907
72675680,31068
72675681,30688
72675683,30196
72675686,31676
72675687,28551
72675701,30851
72675702,30779
72675705,29518
72675706,29973
72675707,29054
72675709,29814
72675711,27692
72675714,39576
72675716,30096
72675717,26496
72675722,34227
72675729,38150
72675735,30903
72675738,37533
72675740,30426
72675746,29440
72675747,30466
72675751,28743
72675753,33966
72675756,37029
72675757,33399
72675758,29357
72675759,28792
72675762,29211
72675765,27417
72675770,31315
72675772,30397
72675774,38903
72675776,37182
72675777,36885
72675778,34031
72675780,30604
72675781,30914
72675783,30330
72675784,34285
72675805,44111
72675810,37677
72675813,30742
72675816,44273
72675818,37238
72675822,28696
72675826,31204
72675827,32872
72675831,29703
72675832,29658
72675833,30761
72675834,30473
72675838,30117
72675839,32223
72675842,29715
72675848,31083
72675853,28627
72675854,34395
72675857,27550
72675876,37476
72675878,27853
72675881,32515
72675883,29858
72675893,34692
72675901,28621
72675902,28325
72675909,36822
72675912,30180
72675914,36679
72675919,36592
72675920,29478
72675924,28691
72675925,28057
72675926,27853
72675935,35439
72675938,31014
72675941,38216
72675946,31014
72675950,28694
72675959,28167
72675961,31392
72675972,33639
72675975,28702
72675977,30441
72675997,27510
72676006,33691
72676024,36813
72676030,30472
72676046,29350
72676060,33170
72676062,29593
72676064,32090
72676065,31121
72676066,29121
72676068,32497
72676069,24974
72676076,38275
72676082,29266
72676085,28037
72676098,30996
72676099,31067
72676100,30756
72676104,28994
72676105,41969
72676109,38234
72676110,27689
72676136,30419
72676138,34119
72676140,33900
72676142,29563
72676337,45594
72676338,42934
72676342,40964
72676344,41986
72676347,40395
72676349,45279
72676905,28717
72676909,28357
72676910,31655
72676913,30413
72676941,33845
72676952,30329
72676968,30623
72676997,32140
72677026,36564
72677073,27061
72677074,26957
72677084,26587
72677085,29119
72677093,33684
72677095,33295
72677105,27229
72677108,26951
72677109,27211
72677112,29035
72677122,35511
72677128,27503
72677135,29024
72677137,28543
72677142,27803
72677153,26629
72677154,25670
72677156,28242
72677161,25981
72677162,25819
72677175,27146
72677180,28799
72677181,37346
72677182,26906
72677184,35905
72677185,35667
72677187,28691
72677195,26265
72677199,26904
72677204,26957
72677205,28948
72677207,28799
72677210,27235
72677213,28702
72677214,26753
72677220,25979
72677224,27775
72677225,28490
72677228,28521
72677234,27612
72677242,27752
72677254,28433
72677256,28832
72677257,28013
72677258,26147
72677263,30384
72677265,28433
72677288,26917
72677299,27616
72677304,28948
72677331,32566
72677350,35511
72677579,30540
72677581,31222
72677642,27388
72677653,28362
72677654,28107
72677662,29582
72677664,28135
72677665,28107
72677666,28107
72677740,30270
72678010,37085
72678016,33411
72678017,32821
72678018,30151
72678037,36716
72678041,41332
72678045,35494
72678048,41238
72678050,33638
72678052,33020
72678055,36571
72678056,30644
72678057,36093
72678059,39346
72678062,35471
72678072,30691
72678073,28716
72678075,41955
72678079,34217
72678084,42792
72678085,38832
72678087,29622
72678088,35570
72678089,35683
72678090,42843
72678096,41955
72678101,42937
72678102,42744
72678109,29769
72678111,34470
72678112,34738
72678116,31509
72678124,42869
72678128,38045
72678129,32045
72678132,35668
72678133,34475
72678139,35805
72678142,29483
72678149,36821
72678150,37033
72678200,27775
72678204,36230
72678214,35477
72678216,34096
72678217,41213
72678218,35344
72678224,37431
72678225,35735
72678227,35552
72678230,31060
72678232,43196
72678236,43110
72678237,36168
72678239,37072
72678241,43429
72678242,43221
72678254,36698
72678255,36674
72678257,37137
72678261,36698
72678270,31184
72678271,30720
72678273,36441
72678278,41955
72678280,35771
72678292,37307
72678293,37162
72678294,43216
72678296,29828
72678297,37442
72678299,38605
72678300,43646
72678304,42779
72678305,42930
72678308,36805
72678309,42869
72678310,39445
72678312,33491
72678341,30991
72678351,33652
72678353,34939
72678357,29834
72678365,37132
72678368,43085
72678369,34122
72678372,39672
72678375,36313
72678376,39707
72678377,42882
72678378,36408
72678379,30653
72678380,30964
72678390,29840
72678391,32672
72678392,31360
72678394,33746
72678405,33287
72678406,29941
72678412,34000
72678413,31579
72678419,31345
72678425,37279
72678430,37655
72678431,41282
72678436,35292
72678437,34294
72678438,37114
72678441,32157
72678443,42920
72678444,36534
72678446,27394
72678447,37602
72678458,35865
72678459,37228
72678461,36471
72678467,36825
72678472,43317
72678473,35606
72678474,37063
72678475,30529
72678489,36529
72678496,33911
72678498,33897
72678500,33410
72678505,27442
72678507,35670
72678511,38072
72678513,36935
72678515,37611
72678516,28360
72678527,37305
72678529,41052
72678531,36525
72678546,29477
72678561,37263
72678565,30720
72678566,35880
72678567,35947
72678568,36083
72678575,28260
72678576,28208
72678579,42410
72678581,37112
72678582,30290
72678583,36533
72678584,45221
72678586,36529
72678588,30602
72678590,39449
72678592,37050
72678596,33268
72678598,37308
72678601,36760
72678607,29822
72678610,28539
72678618,39718
72678621,36043
72678624,42906
72678628,35865
72678638,42966
72678639,35879
72678641,28578
72678644,35886
72678645,32282
72678647,30765
72678649,36692
72678652,38174
72678655,32840
72678656,37208
72678658,29442
72678660,29719
72678661,35919
72678662,36066
72678666,31546
72678671,36687
72678672,33543
72678676,36438
72678688,35821
72678689,31573
72678690,42968
72678691,34549
72678692,33312
72678693,37159
72678698,35566
72678706,36212
72678709,38072
72678710,36059
72678712,31044
72678717,36320
72678721,43562
72678722,28400
72678723,31366
72678725,36490
72678726,36963
72678728,43294
72678729,36013
72678732,43757
72678734,27711
72678752,36235
72678754,40485
72678771,32627
72678775,28429
72678791,35566
72678792,33888
72678795,33682
72678798,36992
72678799,35749
72678800,29402
72678801,30631
72678805,36795
72678806,27867
72678807,27867
72678812,35547
72678816,37087
72678817,36207
72678821,44774
72678825,36687
72678831,28049
72678836,30912
72678848,37065
72678880,31106
72678881,29665
72678889,33371
72678891,28635
72678895,29492
72678897,25936
72678899,35936
72678900,35120
72678902,33357
72678907,36959
72678910,35598
72678911,30308
72678918,37362
72678922,35717
72678924,30115
72678926,42824
72678928,42538
72678933,30181
72678939,36915
72678943,33309
72678945,32184
72678946,29899
72678949,42625
72678956,32105
72678958,36685
72678959,28237
72678961,43717
72678974,36406
72678975,28392
72678976,30933
72678980,35563
72678981,29641
72678983,33357
72678984,42677
72678985,29786
72678989,30654
72678990,42659
72678995,32447
72679002,35945
72679009,30435
72679010,35880
72679015,30860
72679018,28392
72679019,35863
72679020,37151
72679026,28049
72679032,35966
72679033,28596
72679035,30066
72679036,30066
72679042,37607
72679044,28049
72679045,28049
72679046,28049
72679048,27817
72679051,33608
72679052,32546
72679054,36515
72679055,33241
72679057,29316
72679061,36289
72679068,37162
72679070,31466
72679090,33266
72679091,34317
72679115,33627
72679123,33215
72679126,31481
72679128,28812
72679163,32071
72679164,31542
72679183,29999
72679211,31335
72679213,31276
72679217,32406
72679263,30206
72679274,27752
72679281,30644
72679284,30155
72679287,28585
72679290,35533
72679292,28348
72679294,35547
72679307,33898
72679324,35788
72679328,28946
72679331,27013
72679332,27789
72679353,31400
72679354,31345
72679357,35052
72679359,43430
72679361,35810
72679385,30836
72679388,29832
72679402,36891
72679406,36094
72679413,29864
72679414,28628
72679416,36890
72679418,26156
72679420,35682
72679424,37251
72679431,28452
72679433,35889
72679435,30066
72679437,28786
72679440,29582
72679444,30710
72679445,34134
72679449,28602
72679453,35748
72679459,28619
72679467,32849
72679469,35016
72679470,37244
72679472,36836
72679474,28559
72679475,35101
72679476,35789
72679477,32051
72679481,36781
72679482,37081
72679483,29186
72679485,36680
72679486,30498
72679489,36635
72679491,32214
72679493,32348
72679494,29592
72679495,29555
72679498,30907
72679509,29971
72679510,37831
72679515,31941
72679517,33410
72679526,35993
72679527,33337
72679528,28372
72679529,35320
72679713,32214
72679714,29293
72679717,37200
72679719,33763
72679723,29620
72679730,30162
72679733,33643
72679734,32824
72679735,31975
72679750,28820
72679751,33533
72679752,29890
72679777,33763
72679778,31946
72679791,32777
72679800,28448
72679804,35292
72679805,37015
72679811,31433
72679814,30358
72679815,31148
72679817,32646
72679819,33724
72679825,29985
72679827,37611
72679828,32012
72679829,31689
72679831,30933
72679832,36609
72679833,31294
72679834,29539
72679838,29100
72679844,30464
72679850,30644
72679851,29516
72679852,32751
72679853,36774
72679854,28999
72679859,35664
72679877,28399
72679881,30085
72679893,29553
72679898,28748
72679899,36742
72679900,32747
72679918,35655
72679919,36000
72679920,27415
72679921,36044
72679922,29606
72679924,32592
72679930,29620
72679935,35516
72679937,28589
72679939,36919
72679940,36968
72679941,38140
72679942,37122
72679943,37584
72679945,33783
72679947,28318
72679949,33571
72679955,35552
72679957,35921
72679964,35818
72679969,28536
72679971,43227
72679973,28640
72679976,28343
72679980,32032
72679982,29621
72679984,26634
72679985,26316
72679989,29594
72679993,29526
72679998,27771
72680000,34710
72680001,35600
72680003,35525
72680004,27881
72680006,27725
72680008,33255
72680024,35446
72680038,31468
72680044,32700
72680048,29406
72680051,28787
72680059,28990
72680060,29484
72680063,29452
72680064,33788
72680066,29983
72680070,34033
72680074,29604
72680078,29533
72680079,28798
72680080,29620
72680082,29620
72680084,28555
72680093,28852
72680094,28066
72680096,29133
72680098,31809
72680099,35060
72680101,29573
72680102,29967
72680103,30142
72680106,25605
72680107,28202
72680110,33247
72680114,23519
72680118,28411
72680120,29116
72680122,27799
72680143,30115
72680145,30059
72680146,30013
72680147,24039
72680155,31979
72680156,36966
72680159,31573
72680161,26928
72680165,30962
72680169,29133
72680170,29584
72680171,27824
72680172,29079
72680173,28695
72680174,36297
72680178,27429
72680180,29653
72680185,27668
72680186,35446
72680191,29348
72680196,29583
72680198,28469
72680201,27838
72680203,29527
72680205,29293
72680206,31477
72680207,24202
72680210,28359
72680214,36015
72680219,26480
72680220,29638
72680222,28318
72680223,28400
72680226,28505
72680228,26637
72680230,27729
72680236,27092
72680242,37698
72680305,38212
72680372,32048
72680393,36813
72680398,37055
72680688,30199
72680697,35051
72680700,29117
72680704,26533
72680718,27377
72680722,29759
72680731,27303
72680737,26777
72680740,27158
72680773,30063
72680778,32591
72680790,31428
72680832,35521
72680850,28096
72680891,31464
72680907,30523
72680916,31157
72680925,31012
72681153,28676
72681226,28898
72681258,28598
72681472,28902
72681585,28689
72681744,29031
72681851,28642
72681860,29238
72682010,28627
72682612,29923
72682640,28451
72682644,28622
72682648,35726
72682649,28682
72682654,33627
72682891,28817
72682893,28654
72682895,27646
72682898,28716
72682906,26780
72682915,28765
72682929,28384
72683172,29484
72683175,35701
72683178,27843
72683179,29716
72683180,28604
72683182,27874
72683185,25542
72683258,27906
72683260,29614
72683266,29357
72683267,30523
72683268,29343
72683275,26723
72683277,29062
72683289,27271
72683301,31772
72683374,31428
72683375,30381
72683377,31428
72683571,42357
72683575,40574
72683578,42101
72683579,42376
72683582,39828
72683585,33039
72683595,35383
72683597,36934
72683622,29559
72683642,29773
72683664,29269
72683685,28965
72683691,27647
72683700,28722
72683705,28966
72683719,28322
72683723,30456
72683726,28952
72683727,28029
72683728,28419
72683729,30612
72683730,29255
72683734,29006
72683736,28109
72683737,29715
72683739,29067
72683753,32026
72683754,28692
72683759,29013
72683760,28504
72683768,30027
72683769,27994
72683771,30049
72683773,28656
72683775,29107
72683777,29843
72683779,29503
72683781,31443
72683782,29701
72683785,28908
72683789,36158
72683792,29071
72683793,36138
72683795,31782
72683799,30094
72683801,28949
72683802,29658
72683806,31272
72683808,31427
72683811,29381
72683812,29656
72683813,29636
72683839,28959
72683871,30344
72683887,28058
72683893,28689
72683895,35918
72683899,27778
72683900,27778
72683903,29674
72683904,36811
72683905,38110
72683910,35574
72683939,27645
72683958,35538
72683959,29456
72683960,37097
72683962,36320
72683964,30155
72684005,30119
72684009,28756
72684011,35966
72684012,35641
72684013,30085
72684058,30334
72684151,29101
72684162,30174
72684163,30621
72684166,40628
72684170,30333
72684172,31032
72684235,35723
72684239,37218
72684241,29146
72684242,31907
72684290,28413
72684301,26710
72684308,37788
72684357,35673
72684363,28432
72684392,31125
72684397,28150
72684404,29723
72684408,37844
72684410,28002
72684411,30308
72684415,38173
72684418,28890
72684420,27663
72684421,38111
72684422,36281
72684426,35755
72684427,35753
72684431,35637
72684434,29277
72684435,30704
72684436,28570
72684437,28849
72684438,28759
72684441,31140
72684446,29959
72684449,34182
72684451,35786
72684452,35096
72684455,38087
72684460,30706
72684463,37454
72684467,35637
72684468,29420
72684469,28663
72684473,31006
72684475,25365
72684476,40628
72684477,28816
72684487,28318
72684503,41531
72684507,38924
72684509,38318
72684511,41483
72684512,39238
72684527,27882
72684531,30897
72684950,30897
72684952,30253
72684967,27771
72684969,30261
72684985,28649
72684989,31448
72684990,31448
72685032,34038
72685037,33699
72685038,31150
72686882,30270
72687297,30225
72687321,30131
72687397,35259
72687403,22865
72687421,33899
72687422,25897
72687424,22009
72687448,33902
72687449,21951
72687452,34117
72687453,23265
72687458,27299
72687461,23321
72687465,26205
72687476,33902
72687482,34117
72687483,37307
72687487,34773
72687488,33075
72687490,26525
72687494,22386
72687510,30093
72687514,30269
72687515,27598
72687527,30638
72687530,24176
72687533,30641
72687537,30290
72687545,34053
72687553,31022
72687561,21853
72687567,34117
72687568,30169
72687570,26841
72687571,30560
72687572,26825
72687594,37987
72687595,31358
72687598,30026
72687617,29732
72687625,24081
72687626,38120
72687632,30267
72687708,24346
72687713,37096
72687743,25890
72687766,20667
72687768,22084
72687775,24060
72687784,37884
72687788,24024
72687789,34105
72687793,30922
72687804,31190
72687809,31643
72687810,22893
72687823,35166
72687825,34053
72687832,27567
72687845,30400
72687846,23687
72687861,24219
72687868,30507
72687877,30835
72687968,31709
72687971,30085
72687977,21174
72687978,34058
72687986,30833
72688006,33968
72688013,22943
72688017,22754
72688024,23001
72688026,30096
72688028,22948
72688050,33968
72688051,33902
72688065,21213
72688070,22915
72688077,21155
72688079,30084
72688082,22785
72688084,34262
72688094,33821
72688099,33877
72688104,23134
72688106,34177
72688111,20551
72688114,25873
72688118,19995
72688140,26351
72688145,38374
72688148,37771
72688150,21217
72688153,33895
72688163,30949
72688164,38851
72688167,23883
72688174,33968
72688177,26787
72688183,33877
72688258,28674
72688260,27354
72688273,34418
72688297,30431
72688300,33516
72688302,30800
72688304,31129
72688309,30390
72688311,36512
72688327,37467
72688366,27995
72688372,44192
72688373,28162
72688387,38802
72688389,44207
72688395,39220
72688396,30113
72688397,30202
72688399,40190
72688401,36220
72688402,44014
72688405,43330
72688409,35254
72688412,32238
72688426,38635
72688433,28111
72688434,35410
72688436,29738
72688443,29491
72688445,38625
72688446,34311
72688447,34836
72688453,41205
72688456,37730
72688459,26710
72688460,39904
72688461,35366
72688464,40810
72688465,35188
72688466,29183
72688468,35772
72688472,27589
72688476,38261
72688477,34075
72688478,37021
72688481,38329
72688485,29491
72688488,37216
72688489,44322
72688493,37181
72688495,32282
72688496,37070
72688499,35297
72688500,35375
72688501,35197
72688504,34719
72688505,45195
72688509,37407
72688510,43524
72688518,39313
72688519,43306
72688523,38730
72688529,29270
72688530,29235
72688531,30620
72688532,35299
72688533,40342
72688534,34309
72688537,29295
72688539,41397
72688541,35231
72688542,35817
72688544,25297
72688545,28278
72688554,38310
72688557,36655
72688561,43228
72688562,38640
72688563,34315
72688564,45729
72688565,43110
72688567,36794
72688569,35704
72688571,43987
72688572,37823
72688573,37191
72688576,38036
72688577,35038
72688580,35816
72688581,36687
72688582,36918
72688583,42793
72688587,41703
72688589,29373
72688592,30932
72688596,40982
72688597,34935
72688599,33962
72688600,41160
72688603,40959
72688608,34795
72688613,30046
72688614,29630
72688616,29630
72688617,29270
72688621,31917
72688624,36685
72688626,37562
72688628,37561
72688631,43471
72688632,37713
72688637,37194
72688641,33450
72688648,29652
72688649,34956
72688652,36263
72688654,36203
72688655,35866
72688656,36929
72688657,35988
72688658,36332
72688661,41089
72688663,37607
72688669,42330
72688674,37814
72688678,40730
72688682,38064
72688684,42829
72688688,32101
72688689,28160
72688690,29294
72688691,37097
72688692,35765
72688693,38232
72688694,32185
72688696,35857
72688698,43025
72688699,34138
72688703,36029
72688704,36295
72688705,43958
72688712,40990
72688713,29488
72688714,33738
72688716,44039
72688717,31661
72688725,35567
72688729,30331
72688730,31235
72688731,40758
72688734,27008
72688736,35731
72688739,39816
72688741,42705
72688748,34288
72688755,33820
72688756,27711
72688757,27733
72688759,27623
72688760,27719
72688761,27840
72688763,27582
72688766,27800
72688767,41706
72688769,34495
72688772,28882
72688773,43023
72688776,36630
72688777,43373
72688780,38252
72688781,38026
72688783,44278
72688789,31054
72688790,35267
72688793,37412
72688804,29593
72688805,38640
72688806,38004
72688807,37467
72688811,35762
72688817,29856
72688819,36804
72688820,36047
72688821,43757
72688822,30921
72688824,42860
72688825,35771
72688828,32042
72688830,42875
72688831,36464
72688832,38793
72688833,41235
72688834,37645
72688835,34952
72688840,37917
72688841,37659
72688845,41955
72688846,41348
72688849,44378
72688850,34099
72688855,35750
72688858,40765
72688860,30203
72688864,42703
72688865,36221
72688869,30731
72688870,36930
72688874,43269
72688875,39493
72688876,41352
72688877,31940
72688879,34253
72688890,30152
72688891,35345
72688892,37330
72688894,37577
72688895,37225
72688898,40826
72688899,32267
72688902,43757
72688903,43168
72688905,37727
72688906,44917
72688910,32661
72688912,35697
72688915,32910
72688931,31941
72688932,31628
72688933,33990
72688934,42618
72688935,38049
72688936,43408
72688937,33597
72688938,33702
72688940,34350
72688941,42121
72688944,36005
72688947,43317
72688949,36037
72688955,28198
72688956,43397
72688958,29794
72688960,30001
72688962,35088
72688963,36902
72688965,34812
72688967,38113
72688970,35194
72688972,35581
72688973,42819
72688975,37629
72688976,42818
72688977,30967
72688978,35627
72688979,37580
72688980,38007
72688984,37645
72688985,28952
72688986,28952
72688990,28940
72688993,31689
72688994,28539
72688998,36675
72689000,34195
72689001,34501
72689005,33461
72689008,43924
72689013,35195
72689014,36053
72689015,34973
72689016,35878
72689017,42289
72689020,30385
72689024,31550
72689025,27881
72689027,33098
72689030,42874
72689033,36201
72689034,31361
72689035,31373
72689039,43292
72689046,36499
72689047,39259
72689052,33291
72689053,35685
72689054,36667
72689057,33216
72689059,37128
72689061,36821
72689066,35356
72689068,36694
72689069,43217
72689076,43357
72689077,43151
72689080,35488
72689084,33746
72689085,32359
72689086,33672
72689087,29933
72689091,36766
72689092,37258
72689093,23254
72689096,44267
72689097,29127
72689100,37324
72689102,36195
72689103,27815
72689113,35973
72689114,32246
72689115,28736
72689117,32869
72689120,34233
72689124,30364
72689125,35669
72689126,33919
72689127,36151
72689128,26993
72689130,34863
72689134,33137
72689135,34140
72689140,36983
72689143,29303
72689147,38293
72689148,34086
72689154,35387
72689155,28961
72689164,28939
72689167,28961
72689168,35023
72689177,31164
72689181,39073
72689182,42390
72689183,35470
72689184,41774
72689185,37077
72689188,37261
72689189,37261
72689191,37218
72689195,36137
72689196,32876
72689197,38737
72689198,38654
72689199,36492
72689200,36495
72689201,37214
72689204,33814
72689205,37825
72689207,30660
72689210,31506
72689211,43757
72689212,38004
72689213,32708
72689214,29258
72689216,36573
72689217,38101
72689219,39027
72689227,42794
72689231,33468
72689233,37844
72689236,36654
72689238,29578
72689240,30423
72689243,33743
72689245,29106
72689246,38572
72689247,32632
72689248,40036
72689255,30591
72689259,33785
72689260,30564
72689265,30299
72689269,33023
72689270,33583
72689271,31109
72689273,34011
72689276,38640
72689277,32152
72689279,35679
72689283,35771
72689285,35093
72689287,31800
72689289,30710
72689291,36089
72689293,36748
72689294,43397
72689296,29807
72689297,29807
72689298,37617
72689300,35703
72689303,35467
72689305,43924
72689306,43033
72689307,29765
72689308,30741
72689309,37504
72689311,31261
72689313,31800
72689322,36751
72689323,38066
72689325,42904
72689326,42555
72689327,37169
72689328,35612
72689329,37084
72689332,35576
72689333,35506
72689336,34538
72689338,37272
72689339,28336
72689340,27987
72689342,43423
72689343,35445
72689345,35516
72689346,36404
72689347,36708
72689352,39234
72689353,35255
72689354,36978
72689355,29567
72689357,31858
72689359,32113
72689360,27165
72689363,30493
72689364,34461
72689368,34500
72689373,34090
72689374,34827
72689375,36822
72689379,34887
72689380,35251
72689389,37442
72689395,28852
72689396,36420
72689398,35747
72689403,35964
72689404,36086
72689406,29662
72689407,29928
72689408,43147
72689409,28894
72689419,35849
72689420,35340
72689421,35539
72689422,31926
72689423,33256
72689425,31827
72689427,34723
72689428,33554
72689430,43358
72689433,32222
72689434,33660
72689442,37793
72689447,37179
72689449,37120
72689453,36211
72689458,33215
72689459,30041
72689460,28288
72689461,43325
72689462,36491
72689463,29910
72689465,39701
72689468,29091
72689470,33124
72689472,32725
72689474,37042
72689475,32929
72689476,37053
72689477,43265
72689478,34253
72689483,39413
72689484,36036
72689487,35676
72689488,29344
72689490,42931
72689491,32358
72689493,33624
72689494,31284
72689495,30300
72689496,36773
72689499,31628
72689500,42745
72689503,37272
72689508,36391
72689514,36178
72689517,31628
72689527,39417
72689528,36648
72689529,31360
72689531,36038
72689532,36252
72689534,35781
72689535,30806
72689537,32520
72689538,31628
72689541,35974
72689543,42920
72689544,37568
72689545,43158
72689546,35839
72689547,31800
72689548,32526
72689549,37454
72689551,31251
72689552,36365
72689553,33419
72689554,29731
72689556,31896
72689559,37490
72689560,43228
72689565,36700
72689567,31715
72689569,36302
72689571,43430
72689575,31462
72689576,35835
72689578,35962
72689579,36393
72689580,29627
72689584,32647
72689590,37166
72689595,36431
72689597,32929
72689598,37347
72689599,29942
72689600,38255
72689605,37831
72689607,35981
72689612,35842
72689616,32343
72689617,37218
72689619,42891
72689620,38751
72689622,33397
72689624,37594
72689628,35255
72689629,29273
72689632,29536
72689634,29116
72689644,28988
72689646,35208
72689648,29536
72689649,29029
72689650,27637
72689651,29014
72689655,35186
72689658,40266
72689662,32262
72689664,36858
72689667,34013
72689668,32617
72689669,33106
72689672,27844
72689674,28970
72689675,28986
72689681,29183
72689687,34123
72689688,27719
72689691,32117
72689692,29183
72689694,28297
72689699,34860
72689700,36547
72689701,30213
72689702,29143
72689708,28990
72689714,34198
72689716,35110
72689718,29102
72689722,30373
72689726,28365
72689729,38152
72689730,37141
72689732,30226
72689733,36178
72689735,34626
72689741,27812
72689744,35202
72689746,32904
72689747,35112
72689748,36380
72689753,40036
72689758,43199
72689762,30983
72689765,33517
72689766,33507
72689767,34086
72689768,38152
72689769,28264
72689771,36050
72689772,36927
72689773,30206
72689776,39641
72689777,43025
72689778,37265
72689780,32749
72689781,31230
72689782,38991
72689783,36116
72689784,33551
72689787,31228
72689788,32383
72689789,33350
72689790,37823
72689791,29832
72689793,30971
72689794,32884
72689795,35462
72689797,28893
72689799,35701
72689800,38146
72689801,35791
72689806,37570
72689809,34597
72689810,37056
72689811,36581
72689812,36912
72689821,35327
72689829,29585
72689831,37251
72689834,38075
72689835,27935
72689841,33314
72689842,40589
72689843,31562
72689844,33131
72689846,34253
72689847,36431
72689848,33129
72689849,36105
72689850,32068
72689854,31272
72689855,36942
72689856,31313
72689857,43199
72689858,35942
72689859,33396
72689860,37103
72689861,42635
72689862,28975
72689863,30405
72689865,39203
72689866,31070
72689867,40087
72689870,35650
72689877,29214
72689878,35568
72689880,38071
72689881,33660
72689882,27904
72689884,29691
72689885,43757
72689890,33844
72689894,36740
72689896,27771
72689897,40607
72689900,29627
72689902,33431
72689904,36011
72689907,38304
72689908,37088
72689911,43228
72689913,36618
72689915,36540
72689916,28603
72689917,37243
72689924,36600
72689925,34253
72689926,32226
72689928,36444
72689932,37217
72689933,33260
72689935,37284
72689936,28129
72689945,36437
72689946,33516
72689947,36004
72689949,28650
72689955,27511
72689956,32451
72689957,29718
72689960,26663
72689966,29788
72689967,36029
72689972,34065
72689973,35881
72689976,36521
72689980,37177
72689982,33660
72689983,31042
72689984,35975
72689987,29148
72689988,36041
72689990,35671
72689993,30353
72689995,43376
72689996,33221
72689998,43270
72690001,34584
72690004,35715
72690006,37030
72690011,41228
72690013,26147
72690014,29921
72690015,35602
72690016,31567
72690018,30315
72690021,37631
72690023,30565
72690024,32297
72690025,34497
72690028,36253
72690030,29645
72690032,36378
72690034,37153
72690039,33471
72690040,29837
72690041,43009
72690042,33103
72690043,35981
72690044,28507
72690046,37078
72690049,34123
72690051,33735
72690060,29344
72690063,39543
72690064,27026
72690065,37274
72690067,29309
72690070,36159
72690071,26411
72690078,34855
72690080,35817
72690083,28321
72690085,36853
72690086,41868
72690089,27989
72690091,31067
72690092,27673
72690096,39180
72690101,35827
72690102,30237
72690104,29098
72690108,31896
72690116,34079
72690120,33277
72690122,30038
72690124,36973
72690125,32528
72690129,37310
72690130,37476
72690132,29227
72690133,37287
72690136,35752
72690138,30482
72690141,33455
72690142,32672
72690144,30367
72690147,38068
72690148,28323
72690152,29821
72690154,39294
72690155,26730
72690157,32526
72690161,29410
72690163,34610
72690165,34980
72690166,28867
72690167,39535
72690168,30308
72690171,36970
72690173,43147
72690180,30389
72690181,36962
72690183,42677
72690184,33490
72690185,28360
72690191,31896
72690193,36996
72690194,37208
72690196,34531
72690200,42273
72690209,44708
72690232,27943
72690233,33103
72690241,27821
72690242,29890
72690243,30043
72690245,32288
72690246,30490
72690247,36076
72690248,37353
72690251,33471
72690253,35797
72690254,29538
72690255,35999
72690256,32384
72690257,28842
72690258,29871
72690261,34989
72690264,33754
72690266,29492
72690270,32090
72690272,39586
72690273,37229
72690274,36907
72690276,39836
72690279,28803
72690282,33392
72690287,35812
72690289,34110
72690293,42600
72690295,29427
72690302,31715
72690304,33571
72690305,32699
72690306,30012
72690312,42579
72690314,35838
72690315,37885
72690317,36940
72690319,36698
72690322,35482
72690323,36848
72690324,33319
72690327,35300
72690329,33183
72690331,27667
72690334,33844
72690335,32172
72690336,29679
72690338,27950
72690339,32404
72690340,33642
72690342,32413
72690343,42289
72690353,33643
72690355,32243
72690359,32235
72690360,33910
72690362,29401
72690366,29117
72690370,41725
72690373,31478
72690375,37294
72690378,35806
72690379,27709
72690386,42341
72690389,30359
72690391,36626
72690393,32855
72690399,32829
72690404,30346
72690412,34610
72690413,32699
72690414,29003
72690416,30971
72690419,35093
72690426,34813
72690427,32345
72690432,28529
72690433,26998
72690435,28672
72690436,33735
72690438,30338
72690442,31972
72690443,32714
72690445,31365
72690446,27704
72690447,27511
72690448,37246
72690451,32654
72690452,36935
72690453,32608
72690456,29436
72690457,30504
72690465,27851
72690473,31875
72690474,31548
72690480,31129
72690482,29516
72690484,35692
72690485,30042
72690486,30316
72690492,28516
72690493,33106
72690494,30937
72690495,28830
72690497,28879
72690499,30293
72690501,33205
72690508,27805
72690513,23981
72690514,30731
72690515,36979
72690516,28799
72690517,29093
72690520,29539
72690521,32730
72690522,33471
72690533,28114
72690534,28850
72690535,30315
72690536,30452
72690537,37276
72690539,33521
72690542,30757
72690544,34862
72690546,35710
72690548,39155
72690549,36751
72690550,30973
72690553,37216
72690554,29186
72690556,30746
72690558,28861
72690559,33173
72690564,33660
72690568,28481
72690569,35502
72690573,34929
72690575,28282
72690576,33660
72690579,29339
72690580,28262
72690583,36159
72690587,31507
72690592,31036
72690595,43232
72690599,27724
72690602,28605
72690603,31328
72690605,27694
72690609,29485
72690610,43292
72690611,32158
72690615,37822
72690616,32524
72690619,42574
72690623,27762
72690624,40179
72690625,29019
72690626,32420
72690629,29303
72690630,37020
72690631,33205
72690632,42845
72690634,36663
72690639,25446
72690640,36689
72690641,33665
72690643,30198
72690644,32052
72690645,31243
72690646,30157
72690650,32779
72690653,36135
72690654,33103
72690655,32629
72690656,29865
72690657,36740
72690658,39433
72690661,36390
72690664,36683
72690665,29641
72690666,31163
72690667,35271
72690674,32909
72690676,36963
72690678,37020
72690679,24532
72690689,32733
72690690,25674
72690694,32333
72690696,29767
72690697,26351
72690698,24293
72690699,32552
72690704,33220
72690705,33251
72690711,32864
72690713,30945
72690715,32661
72690716,29208
72690725,30339
72690727,37159
72690728,33279
72690732,36967
72690733,28897
72690735,33258
72690736,28092
72690740,36666
72690741,30828
72690742,30699
72690744,27595
72690745,33769
72690746,35358
72690749,30704
72690750,30077
72690751,35478
72690757,33471
72690761,36772
72690762,36124
72690764,31286
72690766,42962
72690768,29069
72690769,32298
72690770,31881
72690771,40179
72690773,33660
72690774,35412
72690775,42599
72690776,35075
72690778,32980
72690779,33660
72690781,39110
72690782,39110
72690784,35098
72690785,33471
72690787,28985
72690790,30562
72690793,36479
72690794,27711
72690795,29999
72690797,27917
72690800,31334
72690801,32699
72690811,32610
72690812,29050
72690817,29564
72690818,28013
72690819,43040
72690821,30451
72690823,31134
72690824,28122
72690825,32813
72690829,34253
72690831,34034
72690832,32226
72690834,29568
72690836,36536
72690837,33769
72690838,27799
72690842,36843
72690844,28605
72690846,32745
72690847,33769
72690848,32679
72690849,29529
72690850,29102
72690851,28721
72690857,29567
72690858,30044
72690861,33415
72690866,25988
72690868,26751
72690869,31846
72690871,29951
72690872,33650
72690874,32702
72690875,30710
72690876,30710
72690877,27100
72690878,31024
72690880,31588
72690884,28448
72690886,35444
72690889,32679
72690890,29215
72690894,34375
72690895,28488
72690896,29723
72690897,41107
72690902,34764
72690904,26175
72690907,42148
72690910,30350
72690912,36486
72690916,29897
72690917,35443
72690918,35992
72690919,28502
72690923,29427
72690924,36604
72690926,29225
72690929,42836
72690930,35661
72690931,26690
72690934,27652
72690935,28478
72690939,28137
72690940,29840
72690941,32689
72690942,28395
72690945,29025
72690947,27687
72690954,31814
72690957,40728
72690969,36942
72690971,33183
72690973,30854
72690975,30074
72690976,36400
72690978,29784
72690979,27787
72690982,36660
72690984,35826
72690985,34987
72690986,37823
72690988,33603
72690990,27796
72690991,35948
72690994,39110
72690995,35467
72690997,29791
72691002,22945
72691003,32516
72691006,30039
72691007,27949
72691009,25589
72691010,28395
72691013,32226
72691014,30253
72691017,35448
72691020,31741
72691024,30135
72691028,31800
72691032,36670
72691033,30229
72691036,26446
72691037,42989
72691038,30416
72691040,35489
72691053,29373
72691059,30968
72691060,29568
72691061,29024
72691068,31949
72691072,36349
72691074,34705
72691075,30025
72691076,35174
72691077,31335
72691078,33415
72691080,28207
72691081,35819
72691082,42600
72691083,33769
72691085,36776
72691086,32870
72691087,33067
72691088,37054
72691090,30636
72691091,32036
72691095,27588
72691096,33181
72691101,28627
72691102,27927
72691103,30538
72691105,27881
72691107,39527
72691108,36651
72691109,29856
72691110,31106
72691113,29591
72691114,33183
72691119,36022
72691123,31335
72691127,37823
72691129,26632
72691131,36582
72691135,29512
72691136,27709
72691141,32168
72691142,29877
72691143,31664
72691149,36630
72691150,30803
72691151,28120
72691152,31625
72691154,28844
72691156,27347
72691158,34472
72691159,27280
72691160,27652
72691163,30181
72691164,32724
72691166,29481
72691168,29649
72691169,31486
72691170,36989
72691172,31356
72691174,29171
72691175,35485
72691176,35503
72691177,31474
72691178,27864
72691179,34986
72691180,27954
72691185,33117
72691188,34492
72691190,29964
72691191,29880
72691192,29023
72691194,32260
72691195,30557
72691196,26517
72691198,31907
72691201,33373
72691204,35300
72691205,35868
72691207,27935
72691210,30877
72691212,29459
72691213,31139
72691214,31606
72691218,27811
72691220,36450
72691222,28577
72691224,29235
72691228,27951
72691230,26557
72691231,26983
72691236,31375
72691238,26392
72691243,29294
72691245,29396
72691246,30976
72691248,24885
72691251,35213
72691254,28981
72691256,40898
72691257,32708
72691258,28314
72691262,36610
72691266,33797
72691267,27870
72691268,28156
72691272,30881
72691274,26034
72691279,36590
72691280,34366
72691281,27121
72691283,32698
72691286,29518
72691289,33205
72691290,36788
72691292,33233
72691293,28082
72691294,27762
72691295,30054
72691296,34350
72691297,26469
72691298,26665
72691299,29269
72691308,35123
72691311,37329
72691312,36683
72691313,28440
72691314,28784
72691326,28516
72691332,27283
72691333,27845
72691334,27498
72691336,26572
72691337,27271
72691338,33421
72691339,29510
72691340,36688
72691341,26807
72691346,34615
72691347,31561
72691348,27742
72691350,29774
72691351,29745
72691352,31674
72691354,28514
72691356,35123
72691365,29890
72691367,37029
72691368,29937
72691370,30191
72691371,27199
72691376,33678
72691379,28963
72691381,27804
72691382,29752
72691383,29756
72691384,31705
72691385,34617
72691386,36614
72691387,28063
72691388,31642
72691389,28295
72691390,26478
72691391,29110
72691392,34104
72691394,27504
72691395,35908
72691397,31600
72691401,25819
72691409,27272
72691410,26745
72691411,27846
72691416,27871
72691417,27940
72691418,27909
72691419,27871
72691420,27827
72691421,26484
72691422,27192
72691425,33690
72691426,31544
72691430,33305
72691439,26573
72691440,32240
72691442,32076
72691443,21592
72691444,28580
72691447,34480
72691449,27523
72691456,29663
72691459,29394
72691460,28222
72691464,33415
72691465,33415
72691466,33415
72691467,33415
72691468,33415
72691469,29001
72691470,30318
72691471,29400
72691472,28029
72691474,28589
72691478,29559
72691485,31499
72691487,33652
72691491,26338
72691497,29518
72691501,26707
72691504,26998
72691516,23561
72691517,29475
72691518,27740
72691520,36777
72691522,27777
72691524,36629
72691526,28177
72691527,29418
72691528,30444
72691530,30160
72691531,29339
72691532,36812
72691536,29528
72691540,29294
72691541,29439
72691545,27815
72691546,33127
72691548,36567
72691550,36085
72691554,31279
72691559,34427
72691560,30971
72691566,36788
72691571,30068
72691574,35845
72691575,29383
72691578,28982
72691614,26884
72691622,22275
72691624,22992
72691625,36390
72691626,33030
72691628,35482
72691629,29503
72691630,27225
72691631,29503
72691635,36946
72691638,30008
72691639,36711
72691643,28528
72691644,32348
72691645,27305
72691646,36567
72691651,29803
72691653,28280
72691656,36569
72691657,29035
72691659,26677
72691660,24467
72691662,37181
72691663,29794
72691664,31335
72691665,30743
72691666,28761
72691667,27137
72691668,36628
72691671,31619
72691672,31860
72691673,36874
72691674,27565
72691678,29585
72691684,32145
72691687,30970
72691688,21145
72691691,30835
72691692,27475
72691693,27701
72691697,29704
72691698,34253
72691699,26927
72691700,27485
72691701,27979
72691703,35108
72691705,28839
72691708,31294
72691710,30037
72691711,30910
72691713,27978
72691714,26498
72691718,27715
72691719,26680
72691724,30310
72691725,24849
72691726,28367
72691732,28554
72691740,28111
72691742,32554
72691746,28890
72691750,27698
72691751,27203
72691754,26295
72691756,33198
72691757,29139
72691759,29321
72691760,29709
72691761,32653
72691762,26704
72691763,28267
72691765,26743
72691767,30629
72691772,28555
72691773,29018
72691776,35695
72691780,32260
72691781,28628
72691784,28173
72691786,31847
72691790,31755
72691791,29906
72691792,28061
72691801,34877
72691802,29637
72691803,26032
72691804,31157
72691805,27137
72691806,32152
72691811,30235
72691820,27580
72691822,27530
72691823,29599
72691824,37018
72691825,27357
72691829,28668
72691830,28559
72691833,29721
72691835,23852
72691836,30586
72691838,33179
72691854,36304
72691855,27326
72691856,31529
72691858,31477
72691859,36218
72691860,28478
72691861,29703
72691862,29331
72691863,32554
72691864,35498
72691866,29326
72691868,27860
72691872,34704
72691873,32097
72691875,31311
72691877,35317
72691880,27816
72691881,26512
72691882,26215
72691883,31370
72691886,32011
72691887,29398
72691892,29822
72691893,26106
72691895,33769
72691900,24171
72691901,34788
72691907,27766
72691909,27974
72691916,26402
72691919,26609
72691927,31834
72691928,27428
72691929,29328
72691931,27203
72691932,30261
72691934,36578
72691939,27510
72691944,28927
72691946,28371
72691947,27084
72691948,28826
72691949,35609
72691952,28300
72691953,29132
72691956,29156
72691957,36062
72691958,20743
72691959,26280
72691960,29527
72691961,27423
72691962,29406
72691963,28273
72691965,26715
72691966,30879
72691970,26715
72691974,29646
72691976,36727
72691978,25176
72691980,27702
72691981,31642
72691984,34977
72691989,26932
72691991,26932
72691993,31050
72691994,30032
72691996,27388
72691997,27457
72692001,26207
72692006,26331
72692007,33174
72692009,26879
72692011,26902
72692013,27328
72692014,27698
72692019,28197
72692021,27611
72692026,27611
72692028,36763
72692031,28625
72692037,25860
72692041,27894
72692045,35527
72692049,29503
72692059,27253
72692060,33608
72692061,33079
72692063,26400
72692064,26964
72692065,28716
72692066,26520
72692074,25974
72692075,26073
72692076,23462
72692092,26445
72692097,22866
72692098,30505
72692101,28383
72692102,27947
72692103,28726
72692104,30254
72692106,26827
72692111,24303
72692117,30026
72692118,28161
72692121,24542
72692124,21312
72692127,22507
72692131,22507
72692132,26465
72692135,24661
72692140,25634
72692142,29871
72692143,21734
72692160,22302
72692161,27827
72692162,28282
72692165,29361
72692167,28735
72692172,24602
72692175,25075
72692176,29572
72692177,29572
72692178,29572
72692179,29572
72692180,25134
72692182,29572
72692183,29572
72692186,29074
72692200,26743
72692216,28722
72692219,28625
72692226,33187
72692228,30710
72692234,30710
72692263,26447
72692269,26024
72692308,34941
72692322,35387
72692466,29074
72692481,29198
72692544,24828
72692546,36624
72692550,29230
72692551,29536
72692576,31011
72692694,26884
72692697,31973
72692699,37509
72692700,29751
72692719,25412
72692728,29913
72692729,29756
72692734,29553
72692749,23553
72692750,23158
72692829,29553
72692955,26656
72692995,25998
72693098,26555
72693105,26362
72693108,36657
72693121,36685
72693163,33833
72693184,29725
72693265,26848
72693308,27005
72693379,27751
72693382,35447
72693415,26719
72693440,37219
72693641,35534
72693647,35557
72693692,22777
72693708,30402
72693742,22156
72693756,32411
72693781,26679
72693783,26716
72693799,34888
72693814,23978
72693862,31140
72693877,24110
72693889,24039
72693898,24130
72693922,23884
72693924,24023
72693948,23884
72693963,23884
72693971,24055
72693996,24593
72693998,24293
72694002,24223
72694003,24291
72694004,24246
72694052,33731
72694053,34888
72694059,23932
72694075,26988
72694076,37620
72694083,26467
72694088,30915
72694089,37541
72694090,32777
72694093,37394
72694094,30040
72694095,31720
72694097,21997
72694098,25642
72694099,26515
72694101,24880
72694104,31682
72694105,23009
72694106,31435
72694108,26431
72694109,26811
72694110,25814
72694117,27206
72694120,21148
72694123,31872
72694125,26537
72694126,31408
72694131,30761
72694132,25026
72694137,24068
72694140,26826
72694144,22937
72694145,30221
72694152,22835
72694154,30547
72694165,26076
72694166,29945
72694168,23890
72694169,23067
72694173,27997
72694174,22865
72694181,25262
72694182,30481
72694183,27018
72694185,30319
72694187,26669
72694189,26021
72694190,26637
72694194,26483
72694197,30435
72694198,23383
72694201,29111
72694203,27307
72694206,25311
72694211,21739
72694212,26324
72694213,27847
72694215,31312
72694225,26841
72694229,23535
72694237,31659
72694238,26637
72694240,35378
72694245,27383
72694246,27976
72694247,24381
72694248,36855
72694250,29690
72694252,30722
72694253,27726
72694259,30605
72694263,30349
72694266,30092
72694268,29693
72694270,25868
72694272,29897
72694276,30398
72694277,22912
72694281,20509
72694284,30471
72694285,25422
72694287,30535
72694288,28252
72694292,28459
72694295,24182
72694296,30976
72694297,26908
72694300,27659
72694301,26085
72694304,26764
72694307,30057
72694309,25421
72694314,24387
72694315,22869
72694316,20700
72694324,25881
72694328,27565
72694330,31036
72694334,22898
72694336,37248
72694338,36466
72694341,29334
72694343,32224
72694347,23703
72694349,27074
72694356,22795
72694360,37271
72694362,32096
72694364,26925
72694365,37264
72694370,29635
72694372,30938
72694374,30862
72694375,30222
72694397,22969
72694411,26644
72694414,31189
72694438,25103
72694441,25449
72694448,30905
72694449,22863
72694455,25782
72694463,24332
72694465,26471
72694478,23252
72694488,23444
72694492,26101
72694494,23870
72694498,29565
72694504,27983
72694507,22500
72694511,27134
72694517,26229
72694524,25797
72694527,26611
72694529,24641
72694544,25531
72694547,28267
72694548,22562
72694553,25992
72694560,28755
72694562,24250
72694564,26431
72694576,25844
72694588,26304
72694593,22886
72694599,30250
72694612,26899
72694613,22721
72694618,25400
72694634,29993
72694643,30614
72694649,23554
72694665,28220
72694669,22424
72694681,26584
72694686,21441
72694689,30349
72694693,22927
72694695,31877
72694702,26298
72694708,23129
72694721,30383
72694736,29694
72694745,26663
72694746,24137
72694747,27162
72694759,24809
72694761,37189
72694769,31854
72694771,25964
72694772,21913
72694795,26418
72694799,21773
72694803,29821
72694805,26503
72694832,22725
72694833,23042
72694834,25753
72694843,23760
72694844,30853
72694849,26671
72694856,30440
72694885,30017
72694922,37415
72694962,25031
72695022,22712
72695023,22784
72695033,24223
72695034,29565
72695044,26226
72695046,30209
72695049,37172
72695059,26349
72695064,21508
72695068,26450
72695070,23825
72695075,22267
72695080,23153
72695084,23678
72695095,33193
72695103,31690
72695107,22745
72695116,22385
72695120,26211
72695121,30081
72695129,27162
72695131,25411
72695172,21997
72695176,30065
72695188,27384
72695197,25289
72695215,30977
72695257,27527
72695266,31420
72695270,30989
72695284,32025
72695286,29805
72695289,37397
72695293,27101
72695320,21686
72695338,23327
72695347,23362
72695353,26245
72695357,31431
72695362,26956
72695365,26603
72695367,31050
72695371,30536
72695372,26748
72695381,24626
72695385,29546
72695393,23406
72695395,23853
72695397,26967
72695400,29967
72695408,25730
72695419,25163
72695421,25766
72695430,25820
72695450,26751
72695455,26892
72695458,31422
72695475,28153
72695535,36296
72695544,27871
72695545,34465
72695549,35593
72695550,36045
72695553,31856
72695555,42855
72695556,29792
72695558,43944
72695563,26135
72695564,31879
72695568,35344
72695569,37841
72695570,43496
72695573,40853
72695608,37241
72695611,36211
72695612,37918
72695613,31620
72695637,37269
72695645,27638
72695648,36963
72695664,23971
72695665,23971
72695673,31635
72695677,37192
72695680,36037
72695681,27523
72695688,43445
72695695,36821
72695712,35960
72695729,41219
72695739,37080
72695746,28049
72695760,32585
72695762,28254
72695764,36692
72695766,30506
72695767,34181
72695769,37106
72695773,29892
72695788,37831
72695792,32781
72695830,35741
72695831,35970
72695847,37831
72695854,36406
72695856,31896
72695863,33326
72695864,37001
72695865,31574
72695866,29273
72695868,36928
72695871,31360
72695892,33115
72695895,30805
72695896,29226
72695897,34304
72695898,36035
72695899,39131
72695902,35897
72695911,27839
72695912,30149
72695916,38980
72695917,28973
72695920,30893
72695928,29526
72695929,29611
72695933,32033
72695937,28560
72695945,36075
72695947,30279
72695949,35845
72695950,31544
72695951,28719
72695953,28023
72695956,28553
72695971,27307
72695973,28720
72695978,29680
72695985,31108
72695989,29450
72695993,29620
72695996,30374
72695999,32048
72696007,29417
72696008,32844
72696009,28306
72696015,30044
72696016,28429
72696017,30244
72696022,26627
72696023,26600
72696025,26293
72696027,28856
72696038,27423
72696043,27761
72696047,26144
72696051,27888
72696068,36551
72696069,30624
72696083,25956
72696162,27296
72696163,27268
72696166,27310
72696179,27310
72696184,27253
72696186,34507
72696190,27180
72696192,27319
72696194,27349
72696209,27283
72696211,27456
72696223,27322
72696249,27364
72696251,27301
72696257,27361
72696263,27322
72696266,34735
72696277,27251
72696278,27310
72696284,27330
72696289,34489
72696295,27273
72696296,27364
72696311,28527
72696316,27319
72696323,27319
72696341,27504
72696344,27357
72696345,27462
72696346,27282
72696373,27342
72696391,27319
72696399,27509
72696404,27339
72696407,34486
72696417,27302
72696426,27302
72696448,27849
72696458,34486
72696465,27319
72696470,27319
72696480,27316
72696493,27319
72696499,27320
72696501,34414
72696505,34735
72696506,27319
72696519,34364
72696526,27304
72696541,34486
72696553,27314
72696558,27319
72696559,34440
72696560,27272
72696582,27228
72696587,27339
72696591,27293
72696601,27319
72696622,27319
72696625,27319
72696629,27319
72696872,33165
72696880,37059
72696883,32088
72696885,32994
72696887,41421
72696891,30329
72696892,35842
72696896,34752
72696908,34549
72696914,33063
72696915,37653
72696926,33954
72696931,34084
72696935,33098
72696936,33050
72696939,32864
72696945,30979
72696947,29802
72696951,34338
72696953,37769
72696954,41155
72696955,32229
72696956,32932
72696957,31990
72696958,33081
72696959,39103
72696961,35257
72696962,39130
72696971,39345
72696977,33436
72696981,32648
72696982,31566
72696985,31730
72696987,37017
72696995,32092
72696997,32936
72696998,32436
72697010,32077
72697017,33109
72697019,32282
72697020,33695
72697025,32277
72697027,32401
72697030,36528
72697033,32793
72697041,32367
72697051,32823
72697057,34031
72697060,32659
72697065,32135
72697066,32357
72697067,32919
72697068,31752
72697071,39109
72697074,31627
72697076,32468
72697078,31457
72697081,32418
72697085,32314
72697086,32470
72697093,32870
72697103,31661
72697105,32769
72697109,33069
72697110,31962
72697115,32019
72697119,32156
72697125,31808
72697128,31338
72697129,32124
72697130,32515
72697131,32929
72697132,32958
72697134,34418
72697140,31518
72697146,32309
72697147,32627
72697148,32698
72697149,32467
72697158,32796
72697161,38484
72697168,32286
72697169,32371
72697170,32371
72697171,32275
72697173,33356
72697180,32117
72697181,31491
72697182,33152
72697189,32753
72697191,32100
72697195,31707
72697203,34200
72697204,31401
72697206,33159
72697209,32272
72697212,31302
72697215,32934
72697216,30970
72697220,32219
72697230,33053
72697232,31397
72697233,33455
72697235,34443
72697238,32499
72697239,32229
72697240,36420
72697241,32453
72697243,32798
72697244,31975
72697248,31511
72697249,32779
72697250,30933
72697251,32957
72697252,33883
72697257,32795
72697260,31422
72697263,32082
72697269,31310
72697276,31405
72697281,32317
72697282,31891
72697286,32710
72697287,32138
72697289,33227
72697292,30079
72697293,30160
72697295,31849
72697297,30566
72697300,29229
72697304,32020
72697307,32602
72697320,32153
72697334,31367
72697335,31310
72697363,31673
72697506,32398
72698847,38424
72698897,23852
72698996,25268
72699000,27049
72699052,27927
72699102,28806
72699161,27397
72701423,26661
72701424,26818
72701529,27050
72701530,27013
72701531,26426
72701721,37393
72701722,35799
72701904,39813
72701908,40515
72701909,38787
72701919,38450
72701954,36624
72701972,39806
72701976,43806
72701978,39844
72702121,34427
72702122,34427
72702123,36821
72702124,35442
72702126,36718
72702145,41082
72702146,39726
72702148,41421
72702149,40358
72702150,40042
72702153,41366
72702158,40290
72702183,32791
72702186,32473
72702193,34735
72702194,34110
72702196,34046
72702211,33325
72702235,32417
72702254,33231
72702272,33201
72702273,32796
72702276,32626
72702277,33150
72702286,32847
72702288,32740
72702295,34778
72702297,33598
72702311,33251
72702315,32600
72702322,33116
72702324,33478
72702327,33171
72702331,31462
72702334,32374
72702340,30719
72702348,39018
72702349,38840
72702351,47727
72702352,40521
72702353,40548
72702355,39326
72702359,46075
72702360,39442
72702363,39360
72702367,46093
72702368,38387
72702373,47889
72702374,44014
72702375,38570
72702379,35901
72702382,34529
72702384,35961
72702387,36358
72702552,27576
72702553,29740
72702554,31001
72702555,31636
72702556,29786
72702557,39712
72702558,33787
72702560,34093
72702561,31487
72702562,33787
72702569,30796
72702572,37945
72702577,33936
72702578,30875
72702580,32514
72702586,37981
72702587,32204
72702593,32418
72702594,31139
72702596,33815
72702599,36634
72702604,32289
72702721,32049
72702785,37011
72702786,36998
72702787,32710
72702792,36951
72702793,30675
72702798,31869
72702804,36869
72702812,30810
72702814,37937
72702822,36705
72702823,30675
72702824,29655
72702825,29501
72702831,30021
72702839,31995
72702840,29554
72702843,36600
72702851,33292
72702868,30433
72702870,35746
72702880,32264
72702883,33242
72702890,31195
72702898,33292
72702924,29602
72702927,31034
72702933,30458
72702935,29597
72702939,30714
72702943,30956
72702947,38245
72702954,34581
72702956,29401
72702961,36752
72702962,30997
72702963,28906
72702968,29531
72702969,29623
72702975,27052
72703178,31059
72703179,37431
72703185,38070
72703190,29231
72703191,35387
72703192,33338
72703193,31456
72703199,26410
72703235,35471
72703346,36929
72703348,37890
72703349,37845
72703353,36676
72703357,43342
72703360,35344
72703361,43071
72703367,34810
72703369,43276
72703370,36071
72703372,34101
72703373,35353
72703374,36379
72703379,36087
72703380,33426
72703385,40703
72703387,44338
72703405,29416
72703407,36680
72703410,40316
72703415,34917
72703423,28038
72703429,25213
72703432,30667
72703435,28230
72703444,28882
72703454,27318
72703459,28038
72703748,42069
72705197,35169
72705199,33512
72705200,35559
72705201,33512
72705202,33512
72705203,33325
72705204,33325
72705205,33341
72705207,33341
72705208,33341
72705209,33341
72705211,33341
72705212,33341
72705213,33341
72705216,33512
72705235,35320
